5.311329e-06
3.661984e-06
1.972429e-06
6.180459e-07
1.228799e-06
3.565638e-06
5.840080e-06
7.375216e-06
7.164974e-06
6.054135e-06
5.378884e-06
4.924394e-06
4.738236e-06
4.823558e-06
5.064742e-06
5.219216e-06
5.159945e-06
4.390063e-06
2.391959e-06
1.904134e-06
4.862160e-06
7.056248e-06
7.578039e-06
7.644067e-06
7.310377e-06
6.853483e-06
6.850078e-06
6.505599e-06
5.856972e-06
5.386040e-06
4.819692e-06
4.551262e-06
4.689335e-06
4.754471e-06
5.502666e-06
6.983903e-06
8.020216e-06
7.452827e-06
5.750752e-06
4.290508e-06
4.686991e-06
5.319696e-06
4.677321e-06
3.474953e-06
3.531032e-06
4.579277e-06
4.889670e-06
4.507970e-06
3.852037e-06
3.826798e-06
3.763558e-06
2.422840e-06
1.802656e-06
3.824920e-06
4.714963e-06
4.632640e-06
3.633330e-06
3.124919e-06
4.199727e-06
4.407774e-06
3.886875e-06
3.127168e-06
2.549259e-06
2.421193e-06
1.710232e-06
1.206629e-06
2.469139e-06
3.572275e-06
3.086670e-06
1.390796e-06
4.285797e-07
1.406457e-06
1.280287e-06
1.830388e-07
1.151493e-06
1.311335e-06
1.473283e-06
1.934203e-06
2.150165e-06
1.595627e-06
7.182390e-07
9.084714e-07
1.252844e-06
4.053403e-06
2.861878e-06
1.888518e-06
2.726910e-06
4.310285e-06
5.525231e-06
6.292908e-06
6.289618e-06
4.797914e-06
2.056952e-06
1.450119e-06
3.195869e-06
3.936188e-06
4.614139e-06
5.277847e-06
5.185575e-06
4.037309e-06
2.060268e-06
1.083075e-06
2.573462e-06
4.815113e-06
6.331490e-06
6.106977e-06
3.978970e-06
1.368572e-06
1.158499e-06
2.338134e-06
3.833209e-06
4.812803e-06
4.752350e-06
3.247225e-06
1.839188e-06
1.499079e-06
2.402928e-06
4.430093e-06
5.397451e-06
4.025292e-06
2.028983e-06
1.452813e-06
9.591107e-07
2.436464e-06
3.676975e-06
3.044719e-06
2.133506e-06
2.680488e-06
2.584217e-06
2.280026e-06
2.273192e-06
2.380488e-06
3.207003e-06
4.202949e-06
3.375381e-06
9.724833e-07
1.035425e-06
1.359419e-06
2.821995e-06
3.536316e-06
2.259667e-06
1.146106e-06
1.590989e-06
2.338523e-06
2.608926e-06
2.629613e-06
2.650755e-06
2.214734e-06
1.740635e-06
1.632498e-06
2.489113e-06
2.302575e-06
1.363645e-06
8.249920e-07
1.226865e-06
1.313157e-06
1.110429e-06
1.815183e-06
2.482169e-06
2.334238e-06
1.923137e-06
2.153806e-06
1.815543e-06
1.331504e-06
1.753184e-06
1.777043e-06
