1.072415e-05
9.573525e-06
7.702992e-06
5.756688e-06
3.744226e-06
3.695017e-06
6.180841e-06
8.156538e-06
8.052239e-06
6.524494e-06
5.334057e-06
5.037797e-06
5.559714e-06
6.320917e-06
6.839379e-06
6.736282e-06
5.934241e-06
4.316022e-06
2.305925e-06
4.124868e-06
7.581303e-06
9.500484e-06
9.303169e-06
8.606065e-06
7.310312e-06
5.666998e-06
4.693669e-06
4.141210e-06
3.904210e-06
4.391595e-06
5.310951e-06
6.063446e-06
6.600540e-06
6.420423e-06
6.208451e-06
6.712626e-06
6.755427e-06
5.382593e-06
2.989896e-06
2.910397e-06
5.507532e-06
6.927416e-06
6.875638e-06
5.475123e-06
4.304536e-06
3.132073e-06
2.422268e-06
2.464411e-06
3.258231e-06
4.453131e-06
5.296075e-06
4.506545e-06
3.185486e-06
3.462448e-06
3.868895e-06
3.747563e-06
2.172959e-06
2.182626e-06
4.722017e-06
5.721369e-06
5.516930e-06
4.861081e-06
3.757587e-06
2.789157e-06
1.519868e-06
1.217623e-06
3.404297e-06
4.942326e-06
4.343734e-06
2.369579e-06
1.187013e-06
1.597771e-06
1.154883e-06
7.984498e-07
1.918505e-06
2.117640e-06
2.298293e-06
2.630209e-06
2.565823e-06
1.752579e-06
5.230025e-07
1.074008e-06
1.569418e-06
3.814194e-06
2.498980e-06
1.731962e-06
3.360719e-06
5.019869e-06
5.885623e-06
6.568322e-06
6.882879e-06
5.468738e-06
2.460779e-06
2.067155e-06
4.090824e-06
4.836277e-06
5.710325e-06
6.697842e-06
6.604111e-06
5.082017e-06
2.633843e-06
1.592152e-06
3.117079e-06
5.649634e-06
7.438086e-06
7.066428e-06
4.430564e-06
1.348513e-06
4.996763e-07
2.025636e-06
4.583619e-06
6.329190e-06
6.349267e-06
4.414447e-06
2.430988e-06
1.878697e-06
2.971769e-06
5.179214e-06
6.107755e-06
4.575336e-06
2.484670e-06
1.793294e-06
1.258131e-06
2.899154e-06
4.245395e-06
3.450402e-06
2.581390e-06
3.340294e-06
3.211580e-06
2.683994e-06
2.582811e-06
2.609252e-06
3.183859e-06
4.275883e-06
3.556616e-06
1.006607e-06
1.090288e-06
1.954160e-06
3.721529e-06
4.388592e-06
2.855260e-06
1.635504e-06
1.996336e-06
2.908780e-06
3.418664e-06
3.512160e-06
3.546975e-06
3.082899e-06
2.507755e-06
2.187823e-06
2.854442e-06
2.581912e-06
1.507941e-06
7.582646e-07
1.019472e-06
1.134057e-06
1.164618e-06
2.068291e-06
2.764177e-06
2.656405e-06
2.395401e-06
2.776515e-06
2.368045e-06
1.852122e-06
2.374116e-06
2.316530e-06
