8.435292e-06
7.435018e-06
5.865361e-06
4.323305e-06
3.324477e-06
4.605496e-06
7.114449e-06
8.743183e-06
8.305106e-06
6.589540e-06
5.104378e-06
4.359193e-06
5.032087e-06
6.382967e-06
7.544098e-06
7.990136e-06
7.794865e-06
6.876194e-06
5.027191e-06
4.497580e-06
6.595598e-06
8.106773e-06
7.814511e-06
7.033557e-06
6.008529e-06
5.554093e-06
6.326526e-06
7.050547e-06
7.068204e-06
7.131322e-06
7.123842e-06
6.833168e-06
6.485978e-06
5.721192e-06
5.746639e-06
6.755706e-06
7.226496e-06
6.292410e-06
4.645886e-06
4.261695e-06
5.721351e-06
6.403757e-06
5.510987e-06
3.911317e-06
3.580971e-06
4.407886e-06
4.579044e-06
4.081497e-06
3.495827e-06
3.682821e-06
3.882240e-06
2.794922e-06
2.087943e-06
3.787137e-06
4.438409e-06
4.304356e-06
3.057525e-06
2.595274e-06
4.406193e-06
5.028748e-06
4.688507e-06
4.117637e-06
3.796912e-06
3.712905e-06
2.927680e-06
2.127860e-06
2.934672e-06
3.920737e-06
3.205305e-06
1.333762e-06
3.315016e-07
1.360341e-06
1.380436e-06
5.206969e-07
1.433299e-06
1.687529e-06
1.771314e-06
2.234048e-06
2.568131e-06
1.975007e-06
1.081695e-06
1.225067e-06
1.537795e-06
4.106522e-06
2.721977e-06
2.149849e-06
3.822949e-06
5.578371e-06
6.285592e-06
6.559088e-06
6.661627e-06
5.250829e-06
2.275591e-06
2.181180e-06
4.243658e-06
4.867207e-06
5.585886e-06
6.437391e-06
6.225122e-06
4.593510e-06
2.112117e-06
1.633916e-06
3.043525e-06
5.344007e-06
7.251321e-06
7.195038e-06
4.894610e-06
2.067550e-06
1.488667e-06
3.248102e-06
5.725251e-06
7.120560e-06
6.423359e-06
3.974378e-06
1.915562e-06
1.485791e-06
2.576969e-06
4.782369e-06
5.727395e-06
4.263427e-06
2.638583e-06
2.243464e-06
1.698947e-06
3.255188e-06
4.668827e-06
3.915701e-06
2.691849e-06
2.921403e-06
2.651596e-06
2.503787e-06
2.744187e-06
2.774913e-06
3.470160e-06
4.714130e-06
3.897775e-06
1.459141e-06
1.434626e-06
2.250270e-06
3.816714e-06
4.311552e-06
2.651345e-06
1.459620e-06
2.004993e-06
2.745622e-06
3.274671e-06
3.603786e-06
3.703615e-06
3.057146e-06
2.324599e-06
2.348823e-06
3.188782e-06
2.868300e-06
1.594953e-06
7.760925e-07
1.300638e-06
1.578050e-06
1.696682e-06
2.532746e-06
3.079779e-06
2.779753e-06
2.270001e-06
2.472236e-06
1.956426e-06
1.402894e-06
2.053582e-06
2.064442e-06
