9.498314e-06
8.828492e-06
7.337320e-06
5.829586e-06
5.078199e-06
6.372090e-06
8.911681e-06
1.054040e-05
1.004073e-05
8.364726e-06
6.858438e-06
6.189728e-06
6.837993e-06
8.110613e-06
9.319588e-06
9.844710e-06
9.453451e-06
8.310059e-06
6.527770e-06
6.321627e-06
8.344983e-06
9.464316e-06
8.801866e-06
7.938797e-06
7.158826e-06
6.855767e-06
7.397292e-06
7.803548e-06
7.664597e-06
7.712899e-06
7.808488e-06
7.638458e-06
7.256968e-06
6.373396e-06
6.256394e-06
7.257188e-06
7.854587e-06
7.177774e-06
5.662891e-06
4.931968e-06
6.265587e-06
7.331170e-06
6.714667e-06
5.148859e-06
4.762322e-06
5.385631e-06
5.675950e-06
5.397455e-06
4.888860e-06
4.987382e-06
5.171567e-06
3.877159e-06
2.811688e-06
4.469161e-06
5.242983e-06
4.938333e-06
3.514146e-06
2.735122e-06
4.170266e-06
4.694250e-06
4.577554e-06
4.248073e-06
4.035664e-06
3.852927e-06
2.911190e-06
2.004502e-06
2.773795e-06
3.950970e-06
3.239733e-06
1.380820e-06
2.182844e-07
1.153229e-06
1.182500e-06
6.240946e-07
1.576275e-06
1.596712e-06
1.486653e-06
1.866419e-06
2.194158e-06
1.623601e-06
7.463260e-07
1.091974e-06
1.405357e-06
4.638659e-06
3.153913e-06
2.422232e-06
3.656754e-06
5.264587e-06
6.520705e-06
7.548352e-06
7.630696e-06
5.955208e-06
2.929871e-06
2.229245e-06
4.318019e-06
5.586450e-06
6.638390e-06
7.363361e-06
6.929828e-06
5.246206e-06
2.837588e-06
1.950665e-06
3.504471e-06
5.954211e-06
7.696842e-06
7.492531e-06
5.281905e-06
2.548001e-06
1.596643e-06
3.302271e-06
5.782369e-06
7.224369e-06
6.668006e-06
4.334082e-06
2.308189e-06
1.821723e-06
2.624027e-06
4.710336e-06
5.679042e-06
4.239079e-06
2.715261e-06
2.406446e-06
1.499406e-06
2.734517e-06
4.206818e-06
3.569927e-06
2.598952e-06
2.893984e-06
2.523057e-06
2.232369e-06
2.499681e-06
2.532265e-06
3.313344e-06
4.499048e-06
3.569078e-06
1.087040e-06
1.337594e-06
2.205187e-06
3.799702e-06
4.269123e-06
2.711673e-06
1.711067e-06
2.196785e-06
2.916719e-06
3.401434e-06
3.655015e-06
3.588844e-06
2.800977e-06
2.107778e-06
2.346922e-06
3.363744e-06
3.014143e-06
1.843554e-06
1.245584e-06
1.762568e-06
1.870295e-06
1.684468e-06
2.464741e-06
3.040607e-06
2.782787e-06
2.388063e-06
2.713046e-06
2.305457e-06
1.772438e-06
2.285866e-06
2.190580e-06
