7.409161e-06
6.526437e-06
5.483674e-06
4.809624e-06
5.054238e-06
6.583126e-06
8.593907e-06
9.669810e-06
8.775013e-06
6.646013e-06
4.421998e-06
3.496820e-06
5.162111e-06
7.371819e-06
8.991330e-06
9.492091e-06
9.158151e-06
7.905894e-06
5.263754e-06
3.288020e-06
5.472959e-06
7.747751e-06
8.247391e-06
8.184769e-06
7.833265e-06
7.206482e-06
6.613041e-06
5.627328e-06
4.763526e-06
5.117015e-06
6.360699e-06
7.440479e-06
8.025660e-06
7.178323e-06
5.608757e-06
5.094326e-06
4.964213e-06
4.126378e-06
3.610367e-06
5.262558e-06
6.858179e-06
7.014455e-06
5.468564e-06
3.271727e-06
1.784610e-06
3.457439e-06
5.085306e-06
5.440181e-06
5.128446e-06
4.887890e-06
4.191539e-06
1.837286e-06
1.377374e-06
4.417142e-06
5.639731e-06
5.790540e-06
4.688269e-06
2.780771e-06
2.858650e-06
3.361605e-06
3.466339e-06
4.013319e-06
4.756387e-06
4.656028e-06
3.536651e-06
2.272342e-06
2.028862e-06
3.242199e-06
2.852952e-06
1.130295e-06
5.908058e-07
1.941446e-06
1.612384e-06
4.237293e-07
1.749766e-06
2.169939e-06
2.529110e-06
2.580749e-06
2.245082e-06
1.281551e-06
3.835515e-07
2.025290e-06
2.427700e-06
4.545621e-06
3.580653e-06
2.958092e-06
3.574573e-06
4.920740e-06
6.042555e-06
6.871279e-06
7.045268e-06
5.383754e-06
2.131279e-06
2.314353e-06
4.681435e-06
5.862572e-06
7.189207e-06
8.054019e-06
7.563805e-06
5.622434e-06
2.646160e-06
1.140405e-06
2.745763e-06
5.278910e-06
7.429438e-06
7.775918e-06
5.969212e-06
3.547038e-06
2.592157e-06
3.613697e-06
5.400635e-06
6.146977e-06
5.078398e-06
2.885148e-06
1.500859e-06
1.952237e-06
4.032545e-06
6.270418e-06
6.529302e-06
4.245437e-06
2.257564e-06
1.932792e-06
2.173718e-07
3.527281e-06
5.862652e-06
5.543327e-06
3.918990e-06
3.687592e-06
3.239514e-06
2.092327e-06
2.321840e-06
2.862754e-06
3.135793e-06
4.301176e-06
4.140411e-06
2.715498e-06
2.068296e-06
2.274055e-06
3.404743e-06
3.063906e-06
1.495290e-06
2.281753e-06
3.058182e-06
3.863101e-06
4.178569e-06
3.540100e-06
3.011043e-06
2.241545e-06
1.484328e-06
2.055243e-06
3.271749e-06
3.054853e-06
1.985462e-06
1.321408e-06
1.415659e-06
1.100669e-06
1.206202e-06
2.483376e-06
3.301708e-06
3.171640e-06
2.429862e-06
2.213253e-06
1.603661e-06
1.445367e-06
2.597518e-06
2.713533e-06
