7.440530e-06
6.611254e-06
5.336278e-06
4.063209e-06
3.561659e-06
4.852986e-06
6.853467e-06
8.029575e-06
7.414068e-06
5.702386e-06
4.209850e-06
3.399283e-06
3.910879e-06
5.061998e-06
6.040757e-06
6.315920e-06
5.997451e-06
5.219897e-06
3.590736e-06
2.902914e-06
4.953604e-06
6.640285e-06
6.570314e-06
5.911742e-06
5.104007e-06
4.834077e-06
5.620412e-06
6.287086e-06
6.337311e-06
6.405833e-06
6.350376e-06
6.091302e-06
5.745871e-06
4.879806e-06
4.686992e-06
5.512448e-06
5.977846e-06
5.220719e-06
3.719929e-06
3.375680e-06
4.736770e-06
5.320327e-06
4.699609e-06
3.454399e-06
3.186629e-06
3.756747e-06
3.810417e-06
3.384449e-06
2.919015e-06
3.070122e-06
3.230253e-06
2.274270e-06
1.500356e-06
3.168729e-06
3.860665e-06
3.959773e-06
2.940445e-06
2.325380e-06
3.764959e-06
4.297773e-06
4.043551e-06
3.661559e-06
3.480456e-06
3.237812e-06
2.327004e-06
1.427840e-06
2.066911e-06
3.063721e-06
2.574203e-06
1.119648e-06
1.026966e-07
1.156523e-06
1.119101e-06
5.251874e-07
1.264009e-06
1.330536e-06
1.291721e-06
1.650680e-06
1.915468e-06
1.356861e-06
6.335049e-07
9.821085e-07
1.415285e-06
4.838115e-06
3.343023e-06
1.074706e-06
1.741902e-06
3.653400e-06
4.370440e-06
4.688023e-06
5.059077e-06
4.418721e-06
2.907175e-06
2.951637e-06
3.887521e-06
4.408037e-06
5.167375e-06
5.543512e-06
4.634273e-06
2.386790e-06
9.301478e-07
2.942923e-06
4.518217e-06
6.368155e-06
7.727372e-06
7.337875e-06
4.918921e-06
1.796949e-06
8.785450e-07
2.377859e-06
4.522505e-06
6.274468e-06
6.475108e-06
5.004998e-06
3.555765e-06
3.334387e-06
3.025863e-06
2.703122e-06
2.603605e-06
1.793911e-06
8.785174e-07
1.178701e-06
2.389369e-06
3.617042e-06
3.613316e-06
2.119880e-06
1.641723e-06
1.330601e-06
9.773261e-07
3.497456e-06
4.439181e-06
4.256226e-06
4.729030e-06
5.449295e-06
4.303799e-06
1.280781e-06
1.229680e-06
2.006927e-06
3.269651e-06
4.302299e-06
3.395070e-06
1.971200e-06
1.661012e-06
2.035830e-06
1.483535e-06
1.938421e-06
2.694926e-06
2.614312e-06
2.303177e-06
1.992145e-06
2.094600e-06
1.628174e-06
7.014489e-07
9.026155e-07
1.782003e-06
1.944641e-06
1.240236e-06
1.328259e-06
1.777357e-06
1.760117e-06
1.951099e-06
2.410091e-06
2.037890e-06
1.301912e-06
1.353590e-06
1.310157e-06
