5.972622e-06
4.829047e-06
3.482680e-06
2.515174e-06
2.714973e-06
4.555703e-06
6.774214e-06
8.117254e-06
7.672335e-06
6.206531e-06
5.022045e-06
4.309295e-06
4.523203e-06
5.287412e-06
6.023330e-06
6.513708e-06
6.651482e-06
6.015228e-06
4.142908e-06
2.319627e-06
3.723616e-06
5.232662e-06
5.239015e-06
4.815035e-06
4.317366e-06
4.568422e-06
5.833135e-06
6.860286e-06
7.237429e-06
7.609985e-06
7.847018e-06
7.671832e-06
7.109582e-06
5.831820e-06
4.770385e-06
5.060298e-06
5.516943e-06
5.101729e-06
3.422769e-06
2.249072e-06
4.162435e-06
5.251436e-06
5.017735e-06
4.133592e-06
4.515484e-06
5.512224e-06
5.581330e-06
5.005455e-06
4.381071e-06
4.433373e-06
4.600972e-06
3.694516e-06
1.662055e-06
1.796786e-06
2.967617e-06
3.072955e-06
2.336815e-06
3.283388e-06
5.395091e-06
5.990124e-06
5.520549e-06
5.139521e-06
4.962092e-06
4.593614e-06
3.679253e-06
2.634860e-06
2.172985e-06
2.737822e-06
2.179259e-06
8.543494e-07
7.195852e-07
1.678268e-06
1.755942e-06
1.287964e-06
1.714073e-06
1.849140e-06
1.661325e-06
1.473986e-06
1.592681e-06
1.111591e-06
3.015666e-07
1.328252e-06
1.855186e-06
2.315838e-06
6.924717e-07
1.890604e-06
4.128181e-06
5.645922e-06
6.149106e-06
6.304010e-06
6.410132e-06
5.329575e-06
2.874916e-06
9.668294e-07
2.176742e-06
2.835654e-06
3.583653e-06
4.169951e-06
3.885051e-06
2.960602e-06
2.885111e-06
4.139394e-06
5.325790e-06
6.861349e-06
8.132606e-06
7.844604e-06
5.564219e-06
2.492320e-06
4.289725e-07
1.463502e-06
3.773773e-06
5.323469e-06
5.485747e-06
4.246367e-06
2.789318e-06
2.717352e-06
3.835808e-06
5.063908e-06
5.058124e-06
3.345529e-06
2.876377e-06
3.349036e-06
1.456161e-06
1.959591e-06
4.453868e-06
4.646775e-06
3.934926e-06
4.222438e-06
3.985751e-06
2.605891e-06
6.904123e-07
6.041458e-07
9.665190e-07
1.984414e-06
1.921208e-06
2.299233e-06
3.413011e-06
3.978350e-06
5.258404e-06
5.409788e-06
3.192707e-06
6.433527e-07
6.619482e-07
1.175576e-06
2.550875e-06
4.072081e-06
4.551707e-06
4.243257e-06
3.778411e-06
2.851557e-06
2.118306e-06
1.424239e-06
5.469886e-07
9.455062e-07
1.912949e-06
2.187616e-06
1.547226e-06
1.389240e-06
1.625548e-06
1.133925e-06
1.472688e-06
2.615387e-06
2.597221e-06
2.241566e-06
2.114529e-06
1.458483e-06
