1.000542e-05
8.236570e-06
5.803432e-06
3.360649e-06
1.168498e-06
3.828190e-06
6.942419e-06
8.939005e-06
8.771187e-06
7.261623e-06
5.421127e-06
3.077636e-06
2.608893e-06
5.000275e-06
7.226752e-06
8.198795e-06
8.127205e-06
7.001041e-06
4.400253e-06
2.363047e-06
4.726729e-06
6.888592e-06
7.242186e-06
7.021544e-06
6.082983e-06
4.912596e-06
4.553281e-06
4.847454e-06
5.316871e-06
6.198084e-06
6.969734e-06
7.103017e-06
6.414919e-06
4.324885e-06
3.543204e-06
5.326774e-06
6.821269e-06
6.872925e-06
5.510512e-06
3.546539e-06
4.020031e-06
5.103485e-06
5.121575e-06
4.449375e-06
4.427522e-06
4.703969e-06
4.306904e-06
3.554715e-06
3.184816e-06
4.186235e-06
4.969325e-06
3.910001e-06
2.277664e-06
3.214220e-06
4.614848e-06
5.031250e-06
4.018299e-06
3.264389e-06
4.673841e-06
5.465040e-06
5.273255e-06
4.825269e-06
4.832752e-06
4.917855e-06
3.887867e-06
2.537971e-06
3.156679e-06
4.388691e-06
3.829582e-06
1.690276e-06
3.638215e-07
1.624639e-06
1.534521e-06
1.008402e-06
1.930559e-06
2.127352e-06
1.992905e-06
2.399898e-06
2.786923e-06
2.023310e-06
1.007845e-06
1.561858e-06
1.780113e-06
4.063918e-06
4.724043e-06
5.023610e-06
4.995208e-06
5.160754e-06
5.495298e-06
5.951019e-06
5.941424e-06
4.583011e-06
3.027015e-06
3.991128e-06
5.261418e-06
5.602151e-06
5.889791e-06
6.053703e-06
5.645430e-06
4.775842e-06
3.781958e-06
3.550785e-06
4.501265e-06
6.238226e-06
7.329902e-06
6.844047e-06
4.906028e-06
3.296519e-06
3.547409e-06
5.052437e-06
6.790503e-06
7.526948e-06
6.551600e-06
4.335759e-06
2.706869e-06
2.883917e-06
4.480476e-06
6.212651e-06
6.435901e-06
4.493513e-06
2.260150e-06
1.351370e-06
2.431100e-06
4.552483e-06
5.638469e-06
4.390779e-06
2.243719e-06
1.546923e-06
1.887333e-06
2.934184e-06
3.693103e-06
3.444097e-06
2.801652e-06
3.452985e-06
2.621495e-06
4.712104e-07
2.087442e-06
1.882700e-06
2.724659e-06
3.310790e-06
1.727054e-06
9.461315e-07
1.288557e-06
2.036576e-06
2.523437e-06
2.549127e-06
2.606932e-06
2.179080e-06
1.884379e-06
1.908114e-06
2.579317e-06
2.176790e-06
1.187141e-06
7.790503e-07
1.456001e-06
1.587984e-06
1.309953e-06
1.998264e-06
2.622711e-06
2.593148e-06
2.406552e-06
2.637971e-06
2.138096e-06
1.541609e-06
2.131186e-06
2.093399e-06
