7.612799e-06
6.771320e-06
5.444408e-06
4.138264e-06
3.231479e-06
3.987735e-06
5.950980e-06
7.393836e-06
7.142997e-06
5.756723e-06
4.272070e-06
3.075992e-06
3.303287e-06
4.419855e-06
5.392220e-06
5.675891e-06
5.277441e-06
4.420138e-06
2.936214e-06
2.886278e-06
5.247284e-06
6.794720e-06
6.604049e-06
6.037342e-06
5.362971e-06
5.122539e-06
5.817025e-06
6.377113e-06
6.376748e-06
6.508789e-06
6.513454e-06
6.280708e-06
5.793961e-06
4.527737e-06
3.909806e-06
4.739527e-06
5.202403e-06
4.381539e-06
2.927643e-06
3.091594e-06
4.818062e-06
5.460038e-06
4.856419e-06
3.686363e-06
3.629164e-06
4.275129e-06
4.242758e-06
3.698471e-06
3.134024e-06
3.302017e-06
3.556872e-06
2.671743e-06
1.044046e-06
2.381549e-06
3.118410e-06
3.078852e-06
1.963587e-06
2.059001e-06
3.853731e-06
4.418160e-06
4.074513e-06
3.894545e-06
4.022327e-06
3.914977e-06
3.080898e-06
2.208733e-06
2.467583e-06
3.414888e-06
3.065925e-06
1.692314e-06
5.623817e-07
6.903706e-07
6.714259e-07
8.141077e-07
1.665545e-06
1.728486e-06
1.756729e-06
2.151561e-06
2.426623e-06
1.908925e-06
1.107424e-06
1.159941e-06
1.375572e-06
4.267280e-06
3.405159e-06
2.333792e-06
2.150335e-06
3.027490e-06
3.321791e-06
3.523141e-06
3.782443e-06
2.697627e-06
7.186282e-07
3.393066e-06
5.452747e-06
6.127637e-06
6.786765e-06
7.465929e-06
7.090465e-06
5.342531e-06
2.632605e-06
5.573639e-07
1.667808e-06
3.867573e-06
5.910313e-06
6.329803e-06
4.795378e-06
2.671013e-06
1.712345e-06
2.669934e-06
4.312380e-06
4.949847e-06
3.969715e-06
1.980276e-06
9.988383e-07
1.342436e-06
3.334225e-06
5.588477e-06
6.232816e-06
4.642785e-06
3.234018e-06
2.892226e-06
1.429072e-06
2.197394e-06
3.887770e-06
3.609159e-06
2.855166e-06
3.240688e-06
2.843598e-06
1.401570e-06
6.490284e-07
1.029677e-06
1.527913e-06
2.926686e-06
2.513049e-06
1.310162e-06
2.040168e-06
2.545977e-06
3.881268e-06
4.250192e-06
2.608718e-06
1.274222e-06
1.671401e-06
2.486976e-06
3.235016e-06
3.758721e-06
3.902297e-06
3.572111e-06
2.690785e-06
1.184691e-06
1.624209e-06
1.745960e-06
1.209191e-06
9.021988e-07
1.260733e-06
1.331602e-06
1.421951e-06
2.116438e-06
2.540870e-06
2.273918e-06
2.116649e-06
2.547351e-06
2.182872e-06
1.560688e-06
1.692025e-06
1.566099e-06
