8.111637e-06
7.094942e-06
5.479539e-06
3.763433e-06
2.649148e-06
4.007430e-06
6.431486e-06
7.997740e-06
7.586294e-06
5.952141e-06
4.399921e-06
3.849348e-06
4.868531e-06
6.361455e-06
7.531016e-06
7.914713e-06
7.635500e-06
6.636226e-06
4.688762e-06
4.157312e-06
6.335435e-06
7.796188e-06
7.557534e-06
6.922326e-06
6.035048e-06
5.727602e-06
6.562822e-06
7.238695e-06
7.209208e-06
7.359463e-06
7.423563e-06
7.205124e-06
6.991295e-06
6.101314e-06
5.785408e-06
6.727180e-06
7.386997e-06
6.473557e-06
4.650007e-06
3.903561e-06
5.374779e-06
6.218047e-06
5.482097e-06
4.077683e-06
3.684927e-06
4.242523e-06
4.320524e-06
3.904422e-06
3.615567e-06
3.944262e-06
4.127939e-06
3.088306e-06
2.054533e-06
3.659548e-06
4.495070e-06
4.406310e-06
3.040084e-06
2.422056e-06
4.265554e-06
4.955084e-06
4.512579e-06
4.171106e-06
4.215266e-06
4.232632e-06
3.225806e-06
2.108023e-06
2.865198e-06
3.968586e-06
3.475106e-06
1.695957e-06
2.505054e-07
1.246361e-06
1.220860e-06
8.026939e-07
1.707234e-06
1.766283e-06
1.678565e-06
2.027892e-06
2.412216e-06
1.811340e-06
8.304071e-07
1.301297e-06
1.572167e-06
3.490361e-06
3.116681e-06
3.068372e-06
3.392607e-06
4.021395e-06
4.540254e-06
5.138848e-06
5.424195e-06
4.233773e-06
2.334820e-06
3.375643e-06
5.001161e-06
5.446440e-06
5.723471e-06
5.864008e-06
5.386014e-06
4.313778e-06
2.966032e-06
2.472221e-06
3.244634e-06
4.995267e-06
6.477371e-06
6.437183e-06
4.568961e-06
2.216308e-06
1.851440e-06
3.681185e-06
6.129942e-06
7.279589e-06
6.289251e-06
3.687810e-06
1.576298e-06
1.262376e-06
3.121905e-06
5.604241e-06
6.474406e-06
4.830213e-06
2.934292e-06
2.091138e-06
1.545347e-06
3.168717e-06
4.547644e-06
3.869921e-06
2.700198e-06
3.066859e-06
2.846349e-06
2.048296e-06
2.416277e-06
3.046507e-06
3.621821e-06
4.776528e-06
4.011009e-06
1.061781e-06
1.460927e-06
2.466226e-06
4.126276e-06
4.958092e-06
3.332931e-06
1.660850e-06
1.780769e-06
2.443340e-06
2.922787e-06
3.308367e-06
3.705604e-06
3.524792e-06
2.864095e-06
2.089652e-06
2.946254e-06
3.068560e-06
2.154232e-06
1.335707e-06
1.178922e-06
1.455925e-06
1.806543e-06
2.462236e-06
2.866155e-06
2.603497e-06
2.419837e-06
2.687885e-06
2.133080e-06
1.707440e-06
2.328161e-06
2.087467e-06
