7.994653e-06
6.431221e-06
4.246737e-06
2.023168e-06
1.441976e-06
4.375608e-06
7.313083e-06
8.939005e-06
8.216301e-06
6.185260e-06
4.052535e-06
2.093250e-06
3.480797e-06
5.911873e-06
7.569348e-06
8.013506e-06
7.613357e-06
6.481145e-06
4.074674e-06
2.436251e-06
4.994749e-06
7.115439e-06
7.384007e-06
7.086560e-06
6.209767e-06
4.832388e-06
4.044487e-06
4.295049e-06
5.032324e-06
6.062410e-06
6.911700e-06
7.184432e-06
6.734164e-06
4.859321e-06
3.636035e-06
5.002619e-06
6.578204e-06
6.912416e-06
5.949159e-06
4.274376e-06
3.812716e-06
4.347090e-06
4.621847e-06
4.626457e-06
5.348797e-06
5.385667e-06
3.747679e-06
1.679265e-06
1.823935e-06
3.581763e-06
4.809610e-06
4.552746e-06
3.264786e-06
2.537493e-06
2.608980e-06
2.631609e-06
2.094066e-06
3.563124e-06
5.298019e-06
5.239441e-06
4.068100e-06
2.488603e-06
2.920323e-06
4.049412e-06
3.703657e-06
2.712987e-06
1.562657e-06
1.402168e-06
1.245897e-06
6.830483e-07
1.074407e-06
1.876447e-06
1.335290e-06
9.894643e-07
1.893604e-06
2.094418e-06
2.136949e-06
1.889444e-06
1.561718e-06
9.199742e-07
3.966000e-07
1.345047e-06
1.540881e-06
4.852692e-06
2.189885e-06
1.714280e-06
4.988799e-06
7.068865e-06
7.718165e-06
7.873693e-06
7.613408e-06
5.703859e-06
2.156369e-06
1.843728e-06
4.439932e-06
5.510782e-06
6.396125e-06
7.051975e-06
6.424762e-06
4.154379e-06
8.790039e-07
1.885741e-06
3.834542e-06
6.292681e-06
8.174905e-06
7.925497e-06
5.296377e-06
1.886323e-06
8.087549e-07
2.740579e-06
5.523794e-06
7.423458e-06
7.240631e-06
4.970806e-06
2.766044e-06
1.456075e-06
1.641944e-06
4.578032e-06
6.102096e-06
4.867744e-06
3.027840e-06
2.213595e-06
4.508305e-07
3.146348e-06
5.513084e-06
5.192323e-06
3.943616e-06
4.133253e-06
2.881531e-06
6.213049e-07
3.259265e-06
4.083074e-06
4.296300e-06
5.293979e-06
4.347733e-06
1.532853e-06
1.346133e-06
1.447334e-06
2.670536e-06
3.651725e-06
2.517378e-06
9.862506e-07
3.129076e-07
1.274017e-06
2.764769e-06
4.163560e-06
4.615269e-06
3.964134e-06
2.722766e-06
1.784296e-07
2.853685e-06
3.749137e-06
3.022969e-06
1.921636e-06
9.447303e-07
1.234251e-06
1.854536e-06
2.378601e-06
2.566597e-06
1.868718e-06
1.609624e-06
2.725053e-06
2.827345e-06
2.290841e-06
1.795881e-06
1.280159e-06
