7.174828e-06
6.117399e-06
4.859759e-06
3.932294e-06
3.773239e-06
4.989722e-06
6.846218e-06
7.863496e-06
7.231047e-06
5.726072e-06
4.507126e-06
4.178992e-06
4.858761e-06
5.864850e-06
6.733422e-06
7.124095e-06
6.841396e-06
5.835209e-06
4.134391e-06
3.779197e-06
5.676064e-06
6.977164e-06
6.661733e-06
5.854310e-06
4.909376e-06
4.716485e-06
5.601997e-06
6.186646e-06
6.052230e-06
6.010663e-06
6.000884e-06
5.850641e-06
5.663294e-06
4.934973e-06
4.750532e-06
5.567485e-06
6.055728e-06
5.347838e-06
4.046484e-06
3.636537e-06
4.721396e-06
5.307612e-06
4.632912e-06
3.416050e-06
3.351124e-06
4.058279e-06
4.055707e-06
3.546665e-06
3.179488e-06
3.578902e-06
3.881006e-06
2.931081e-06
1.838550e-06
3.205586e-06
3.934468e-06
3.867183e-06
2.905088e-06
2.435478e-06
3.712999e-06
4.115670e-06
3.812119e-06
3.520266e-06
3.563315e-06
3.512569e-06
2.633920e-06
1.681110e-06
2.296079e-06
3.337275e-06
2.858591e-06
1.248568e-06
6.265555e-08
1.080300e-06
1.016947e-06
6.242606e-07
1.396124e-06
1.491806e-06
1.458975e-06
1.791794e-06
2.087542e-06
1.557170e-06
7.744149e-07
1.164574e-06
1.426885e-06
3.767336e-06
1.725769e-06
1.126588e-06
4.088110e-06
6.280935e-06
7.165434e-06
7.177746e-06
7.048549e-06
5.689657e-06
2.791056e-06
8.452802e-07
3.195122e-06
3.961992e-06
4.566296e-06
5.589270e-06
5.872017e-06
4.678378e-06
2.370108e-06
1.146139e-06
2.239296e-06
4.377440e-06
6.294961e-06
6.408263e-06
4.446384e-06
1.836372e-06
1.196714e-06
2.676679e-06
4.829207e-06
6.128430e-06
5.620514e-06
3.495639e-06
1.885027e-06
1.728534e-06
2.266890e-06
3.962064e-06
4.814489e-06
3.640993e-06
2.336294e-06
2.256360e-06
1.880149e-06
2.772159e-06
3.704928e-06
2.992803e-06
2.052413e-06
2.534382e-06
2.476407e-06
2.316946e-06
2.206702e-06
2.116859e-06
3.087821e-06
4.388052e-06
3.671431e-06
1.315745e-06
1.143753e-06
2.065790e-06
3.593551e-06
3.882563e-06
2.401398e-06
1.376075e-06
1.884650e-06
2.781676e-06
3.095922e-06
2.945414e-06
2.894861e-06
2.471015e-06
1.894864e-06
2.054860e-06
2.914238e-06
2.681003e-06
1.721436e-06
9.562979e-07
1.162959e-06
1.393462e-06
1.501487e-06
2.179694e-06
2.677255e-06
2.405062e-06
1.970591e-06
2.207017e-06
1.815422e-06
1.429881e-06
2.027628e-06
1.991741e-06
