8.108807e-06
6.682978e-06
4.666647e-06
2.647402e-06
2.165888e-06
4.938109e-06
7.770340e-06
9.333583e-06
8.735891e-06
6.833647e-06
4.875475e-06
2.960564e-06
2.918695e-06
4.695626e-06
6.448500e-06
7.390734e-06
7.572638e-06
6.874337e-06
4.892658e-06
3.214196e-06
4.450851e-06
6.079954e-06
6.309765e-06
6.136091e-06
5.749418e-06
5.134155e-06
4.772194e-06
4.492161e-06
4.462331e-06
5.168041e-06
6.114302e-06
6.535029e-06
6.444429e-06
5.306437e-06
4.199796e-06
4.672509e-06
5.279782e-06
4.928131e-06
4.116385e-06
4.010472e-06
4.790749e-06
5.044894e-06
3.982496e-06
2.680064e-06
3.177746e-06
4.634823e-06
4.756513e-06
3.745745e-06
2.490797e-06
2.403984e-06
2.942918e-06
2.673753e-06
2.654750e-06
3.922457e-06
4.445724e-06
4.224993e-06
2.684468e-06
1.824139e-06
3.864072e-06
4.783924e-06
4.715308e-06
4.335301e-06
3.527682e-06
2.697578e-06
1.827327e-06
1.927587e-06
3.575037e-06
4.591832e-06
3.867351e-06
2.254874e-06
1.276279e-06
1.280015e-06
1.678915e-06
1.344271e-06
1.273471e-06
9.860098e-07
7.410045e-07
2.131459e-06
2.941469e-06
2.438305e-06
1.551086e-06
2.443847e-07
6.766951e-07
3.659090e-06
2.420104e-06
1.924552e-06
3.294594e-06
4.820167e-06
5.565119e-06
5.872078e-06
5.876345e-06
4.576941e-06
1.967707e-06
1.840061e-06
3.650829e-06
4.198197e-06
4.713542e-06
5.473656e-06
5.393948e-06
3.994897e-06
1.769753e-06
1.147804e-06
2.257208e-06
4.246148e-06
6.054915e-06
6.108453e-06
4.168545e-06
1.637727e-06
1.096253e-06
2.446881e-06
4.489779e-06
5.775041e-06
5.319658e-06
3.369323e-06
1.630298e-06
1.238398e-06
2.115932e-06
3.982976e-06
4.871078e-06
3.735569e-06
2.390229e-06
2.049462e-06
1.337531e-06
2.461718e-06
3.715701e-06
3.237166e-06
2.429643e-06
2.686236e-06
2.311568e-06
1.957467e-06
1.997003e-06
2.064105e-06
3.057117e-06
4.203142e-06
3.374310e-06
1.104017e-06
1.075318e-06
1.935842e-06
3.372810e-06
3.804724e-06
2.412130e-06
1.399576e-06
1.809151e-06
2.565566e-06
2.946878e-06
3.036547e-06
3.018509e-06
2.516002e-06
1.932735e-06
1.848202e-06
2.575900e-06
2.367120e-06
1.483732e-06
9.347437e-07
1.224748e-06
1.271497e-06
1.169795e-06
1.912182e-06
2.467702e-06
2.301852e-06
1.952492e-06
2.230784e-06
1.877709e-06
1.484767e-06
2.035962e-06
2.010101e-06
