8.515760e-06
7.184884e-06
5.414607e-06
3.873682e-06
3.294272e-06
5.195915e-06
7.964355e-06
9.642354e-06
9.144836e-06
7.336671e-06
5.620034e-06
4.434931e-06
4.788103e-06
6.182117e-06
7.565833e-06
8.304906e-06
8.388671e-06
7.638408e-06
5.977184e-06
5.292271e-06
6.767881e-06
7.838659e-06
7.294223e-06
6.377284e-06
5.602516e-06
5.987113e-06
7.662586e-06
8.743558e-06
8.516549e-06
8.018415e-06
7.213244e-06
6.251703e-06
5.511243e-06
5.240319e-06
6.605431e-06
8.530970e-06
9.477667e-06
8.558356e-06
6.114933e-06
3.400344e-06
4.022350e-06
5.478074e-06
5.861219e-06
5.444283e-06
6.040025e-06
6.513366e-06
5.511670e-06
3.659233e-06
1.790560e-06
2.320784e-06
3.495315e-06
3.717332e-06
4.217443e-06
5.420921e-06
5.289628e-06
4.259253e-06
1.927545e-06
1.657582e-06
4.869684e-06
6.614962e-06
6.867958e-06
6.476409e-06
5.392968e-06
3.850450e-06
1.733011e-06
7.961929e-07
3.496965e-06
5.354071e-06
4.989128e-06
3.355831e-06
1.995685e-06
5.660413e-07
1.280431e-06
2.464351e-06
2.956136e-06
2.556461e-06
1.567109e-06
9.187634e-07
1.943219e-06
1.776093e-06
1.474721e-06
2.019804e-06
1.861486e-06
4.137997e-06
2.423963e-06
1.511013e-06
3.633436e-06
5.616024e-06
6.517823e-06
7.017369e-06
7.268417e-06
5.841423e-06
2.671988e-06
1.142945e-06
3.362174e-06
4.128919e-06
4.988966e-06
6.045199e-06
6.223073e-06
5.029389e-06
2.729341e-06
1.460581e-06
2.426164e-06
4.421698e-06
6.063070e-06
6.088381e-06
4.131177e-06
1.892577e-06
2.158337e-06
3.877502e-06
6.094314e-06
7.183684e-06
6.040573e-06
3.149163e-06
9.603533e-07
1.350457e-07
2.608891e-06
5.569409e-06
6.835867e-06
5.164105e-06
3.396013e-06
2.994296e-06
9.860410e-07
2.349992e-06
4.775761e-06
4.475321e-06
3.002555e-06
3.515756e-06
3.665028e-06
2.415757e-06
1.287962e-06
1.722387e-06
2.125744e-06
3.467070e-06
3.511857e-06
2.315459e-06
1.931553e-06
2.210663e-06
3.530122e-06
3.433765e-06
1.476820e-06
2.455322e-06
3.783894e-06
4.664015e-06
4.937736e-06
3.947397e-06
2.620661e-06
1.319836e-06
8.540256e-07
3.008239e-06
4.645616e-06
4.404328e-06
2.668994e-06
9.403109e-07
8.213193e-07
2.180500e-06
3.093578e-06
3.664313e-06
3.537169e-06
2.334980e-06
1.378791e-06
2.882170e-06
3.146353e-06
2.786509e-06
2.617485e-06
1.820088e-06
