9.275151e-06
8.472360e-06
6.810959e-06
4.886232e-06
2.959611e-06
3.240340e-06
5.789805e-06
7.784858e-06
7.886267e-06
6.807859e-06
5.951759e-06
5.228391e-06
4.697611e-06
4.649320e-06
5.309760e-06
6.218363e-06
6.697964e-06
6.378002e-06
5.189669e-06
4.734154e-06
6.075614e-06
7.084663e-06
6.657863e-06
5.957091e-06
5.479126e-06
5.801362e-06
6.827698e-06
7.250192e-06
6.715108e-06
6.067701e-06
5.746770e-06
5.991635e-06
6.547688e-06
6.483873e-06
6.546198e-06
7.439134e-06
8.042598e-06
7.277520e-06
5.596497e-06
4.691375e-06
5.796154e-06
6.417496e-06
5.479035e-06
3.979646e-06
3.611270e-06
4.141824e-06
4.374818e-06
4.411234e-06
4.713755e-06
5.526992e-06
5.775034e-06
4.000532e-06
1.800751e-06
3.327885e-06
4.303131e-06
4.260183e-06
3.058605e-06
2.638640e-06
4.342211e-06
5.088385e-06
4.972913e-06
4.606259e-06
4.561981e-06
4.519286e-06
3.565672e-06
2.438709e-06
2.809523e-06
3.714107e-06
3.050401e-06
1.269384e-06
3.648830e-07
1.562630e-06
1.695456e-06
8.326360e-07
1.265406e-06
1.550406e-06
1.715172e-06
2.297325e-06
2.471397e-06
1.766068e-06
6.740817e-07
1.217302e-06
1.702791e-06
8.340103e-06
7.323039e-06
4.787415e-06
1.039608e-06
2.437409e-06
4.548768e-06
5.926560e-06
7.123730e-06
7.260349e-06
6.278334e-06
5.058559e-06
4.022809e-06
3.378603e-06
3.135311e-06
3.198591e-06
4.247223e-06
5.437696e-06
5.355997e-06
4.434363e-06
4.097959e-06
4.334476e-06
4.429134e-06
4.242616e-06
4.323305e-06
4.714133e-06
4.981172e-06
6.019799e-06
7.430592e-06
7.092328e-06
4.561308e-06
1.525272e-06
9.859790e-07
2.268187e-06
4.737004e-06
6.699299e-06
6.490912e-06
3.893844e-06
1.593849e-06
5.479114e-07
2.199406e-06
5.588417e-06
7.193390e-06
5.824503e-06
4.256998e-06
3.800371e-06
1.390423e-06
2.353660e-06
4.787787e-06
4.885606e-06
5.056824e-06
5.850602e-06
4.235018e-06
4.397887e-07
2.463908e-06
3.389830e-06
5.013192e-06
5.671018e-06
3.422060e-06
7.441113e-07
1.931720e-07
1.419759e-06
2.949643e-06
4.008568e-06
4.048848e-06
3.242881e-06
2.240682e-06
1.743050e-06
2.978572e-06
2.948749e-06
1.946981e-06
1.190243e-06
1.211226e-06
1.228622e-06
1.306604e-06
2.240806e-06
2.984559e-06
2.828130e-06
2.465033e-06
2.698076e-06
2.216700e-06
1.548635e-06
2.114213e-06
2.211156e-06
