7.198867e-06
4.706621e-06
2.095828e-06
1.569785e-06
4.544221e-06
7.904209e-06
1.079817e-05
1.205263e-05
1.062686e-05
7.824184e-06
5.042495e-06
2.261874e-06
2.009596e-06
4.193103e-06
6.061804e-06
7.186969e-06
7.377068e-06
6.723368e-06
5.165995e-06
3.771297e-06
4.099027e-06
4.779100e-06
4.308482e-06
3.927125e-06
4.326195e-06
5.116264e-06
5.830443e-06
5.671401e-06
4.698517e-06
3.979392e-06
3.730675e-06
3.443573e-06
3.310260e-06
3.578466e-06
4.949851e-06
6.245406e-06
6.753296e-06
5.928712e-06
3.783776e-06
9.528767e-07
3.636397e-06
4.874506e-06
4.767810e-06
3.661543e-06
3.443346e-06
3.489502e-06
2.844742e-06
1.948955e-06
1.394708e-06
1.898318e-06
2.595509e-06
2.021505e-06
1.829267e-06
3.149623e-06
3.459723e-06
3.314991e-06
1.724685e-06
1.703032e-06
4.189523e-06
4.912704e-06
4.569587e-06
3.703018e-06
2.714900e-06
2.677442e-06
2.260565e-06
1.863136e-06
3.133968e-06
4.468576e-06
4.094960e-06
2.636690e-06
1.313828e-06
5.399452e-07
1.091841e-06
1.359840e-06
1.905130e-06
1.986969e-06
1.812126e-06
1.432976e-06
1.371597e-06
6.988272e-07
4.151607e-07
1.964976e-06
2.348500e-06
4.297082e-06
2.865398e-06
2.156434e-06
3.655719e-06
5.395102e-06
6.238040e-06
6.720708e-06
6.877831e-06
5.385169e-06
2.398229e-06
2.250705e-06
4.424262e-06
5.218895e-06
5.707602e-06
6.180828e-06
5.932946e-06
4.419908e-06
2.094996e-06
1.510408e-06
3.062004e-06
5.386295e-06
7.199362e-06
7.073200e-06
4.888820e-06
2.154816e-06
1.366978e-06
3.129964e-06
5.562705e-06
7.021642e-06
6.547136e-06
4.295580e-06
2.213885e-06
1.588474e-06
2.642222e-06
4.775840e-06
5.672233e-06
4.193368e-06
2.475089e-06
2.141736e-06
1.387943e-06
2.806413e-06
4.383970e-06
3.798101e-06
2.585320e-06
2.726493e-06
2.559407e-06
2.275724e-06
2.481202e-06
2.883504e-06
3.823499e-06
4.842668e-06
3.874727e-06
1.342566e-06
1.293928e-06
2.183852e-06
3.931842e-06
4.558041e-06
2.985404e-06
1.719347e-06
2.011946e-06
2.653394e-06
3.088992e-06
3.297588e-06
3.542262e-06
3.129302e-06
2.384476e-06
2.370919e-06
3.273218e-06
3.068943e-06
1.949888e-06
1.256815e-06
1.675069e-06
1.735918e-06
1.611238e-06
2.385620e-06
2.941242e-06
2.706202e-06
2.292870e-06
2.596661e-06
2.142672e-06
1.633130e-06
2.243381e-06
2.200103e-06
