7.700722e-06
7.650710e-06
6.942229e-06
5.899850e-06
4.723036e-06
4.450872e-06
5.904524e-06
7.320286e-06
7.098395e-06
5.867518e-06
5.254007e-06
5.534659e-06
6.179386e-06
6.723881e-06
6.985318e-06
6.840930e-06
6.479424e-06
5.937284e-06
5.521636e-06
6.571441e-06
8.438747e-06
8.801800e-06
7.276196e-06
5.326113e-06
3.896569e-06
5.331468e-06
8.067612e-06
9.452850e-06
8.719725e-06
7.132225e-06
5.196125e-06
4.323363e-06
5.353515e-06
7.018471e-06
8.185252e-06
8.756755e-06
8.212398e-06
6.083767e-06
2.970293e-06
4.008408e-06
7.440919e-06
8.992548e-06
8.334440e-06
6.368342e-06
4.071313e-06
2.155668e-06
3.905968e-06
5.626835e-06
6.432208e-06
6.449149e-06
5.513932e-06
2.830307e-06
1.008846e-06
4.717466e-06
6.794351e-06
7.240670e-06
5.923717e-06
3.358115e-06
2.440165e-06
2.935050e-06
3.337681e-06
4.496358e-06
5.652029e-06
5.527334e-06
3.801955e-06
1.437665e-06
1.510243e-06
3.504018e-06
3.473853e-06
2.028797e-06
8.828480e-07
8.207205e-07
6.668475e-07
1.326893e-06
2.183812e-06
2.145300e-06
1.751598e-06
1.667806e-06
2.088675e-06
1.619789e-06
9.065778e-07
1.553168e-06
1.766664e-06
6.565314e-06
4.351330e-06
1.538016e-06
2.504701e-06
5.227907e-06
6.751106e-06
7.567144e-06
7.858573e-06
6.693956e-06
3.968591e-06
1.340463e-06
2.495811e-06
3.416337e-06
4.147710e-06
5.187934e-06
5.960666e-06
5.868145e-06
4.617689e-06
3.395868e-06
3.553821e-06
4.930486e-06
6.199994e-06
6.222857e-06
4.938465e-06
3.646512e-06
3.450047e-06
4.524508e-06
5.963991e-06
5.966879e-06
4.183378e-06
2.216681e-06
2.182941e-06
2.713159e-06
4.583964e-06
6.494844e-06
6.372500e-06
3.802782e-06
1.690135e-06
7.450293e-07
2.073790e-06
5.455825e-06
7.026962e-06
5.779346e-06
4.653211e-06
4.494273e-06
2.182128e-06
1.544931e-06
4.147250e-06
4.349549e-06
4.686650e-06
5.941601e-06
4.774636e-06
1.513672e-06
2.386919e-06
3.505906e-06
4.939764e-06
6.272086e-06
5.218046e-06
3.097695e-06
2.013224e-06
1.885464e-06
2.057094e-06
3.574386e-06
4.207147e-06
3.712323e-06
3.141720e-06
1.878787e-06
1.449822e-06
1.394351e-06
1.167173e-06
1.470410e-06
2.167982e-06
1.797256e-06
7.711985e-07
1.909271e-06
2.815367e-06
2.917289e-06
2.785076e-06
2.900384e-06
2.225662e-06
1.395339e-06
2.011212e-06
2.159162e-06
