7.581398e-06
6.655655e-06
5.277473e-06
3.985006e-06
3.313362e-06
4.469583e-06
6.603857e-06
8.001563e-06
7.502265e-06
5.864633e-06
4.403810e-06
3.649957e-06
4.261316e-06
5.543727e-06
6.676923e-06
7.118245e-06
6.947773e-06
6.067941e-06
4.360004e-06
3.860458e-06
5.717116e-06
7.080574e-06
6.890946e-06
6.270429e-06
5.330491e-06
4.762751e-06
5.262162e-06
5.777958e-06
5.787620e-06
5.926972e-06
5.993453e-06
5.798144e-06
5.560770e-06
4.801062e-06
4.711111e-06
5.684315e-06
6.272218e-06
5.594033e-06
4.201443e-06
3.567969e-06
4.723566e-06
5.461442e-06
4.771261e-06
3.437418e-06
3.126805e-06
3.630637e-06
3.691791e-06
3.258979e-06
2.832567e-06
3.085109e-06
3.369390e-06
2.404038e-06
1.548521e-06
3.154346e-06
3.913326e-06
3.919815e-06
2.894486e-06
2.061251e-06
3.422528e-06
3.971186e-06
3.769814e-06
3.425778e-06
3.275486e-06
3.291667e-06
2.583748e-06
1.744883e-06
2.423311e-06
3.386838e-06
2.867121e-06
1.325963e-06
1.258384e-07
1.178859e-06
1.134582e-06
3.459731e-07
1.164332e-06
1.303784e-06
1.371060e-06
1.794212e-06
2.068937e-06
1.532735e-06
7.421995e-07
1.102616e-06
1.409928e-06
3.694596e-06
2.612340e-06
1.880667e-06
2.949899e-06
4.393811e-06
5.157976e-06
5.702072e-06
6.014336e-06
4.845284e-06
2.246033e-06
1.836604e-06
3.572106e-06
4.311469e-06
5.111530e-06
5.755087e-06
5.471637e-06
4.090928e-06
2.081384e-06
1.631820e-06
2.854547e-06
4.824340e-06
6.349564e-06
6.207060e-06
4.182952e-06
1.807192e-06
1.491902e-06
2.868613e-06
4.824687e-06
5.947082e-06
5.354485e-06
3.333402e-06
1.648696e-06
1.461435e-06
2.448744e-06
4.152289e-06
4.773386e-06
3.404895e-06
2.049183e-06
1.815439e-06
1.647346e-06
3.046245e-06
4.076061e-06
3.207806e-06
1.937176e-06
2.107876e-06
2.283513e-06
2.644730e-06
2.607136e-06
2.279312e-06
2.641759e-06
3.641656e-06
3.021622e-06
1.137724e-06
1.377573e-06
1.930931e-06
3.314524e-06
3.645778e-06
2.185617e-06
1.406904e-06
1.948192e-06
2.710826e-06
3.087530e-06
3.068336e-06
2.963616e-06
2.355226e-06
1.715252e-06
1.902591e-06
2.758827e-06
2.548265e-06
1.478500e-06
7.264122e-07
1.287058e-06
1.567320e-06
1.393757e-06
1.941503e-06
2.390137e-06
2.239263e-06
2.111294e-06
2.529547e-06
2.095507e-06
1.376454e-06
1.813043e-06
1.950463e-06
