7.859231e-06
7.512067e-06
6.580809e-06
5.542545e-06
4.729467e-06
5.311955e-06
7.287505e-06
8.659669e-06
8.052279e-06
6.293649e-06
4.984613e-06
4.727712e-06
5.699010e-06
6.953961e-06
7.788690e-06
7.893740e-06
7.473157e-06
6.389247e-06
4.667846e-06
4.805874e-06
7.115229e-06
8.410439e-06
7.843721e-06
6.821351e-06
5.678968e-06
5.525644e-06
6.724638e-06
7.544765e-06
7.385707e-06
7.227920e-06
7.074994e-06
6.830638e-06
6.714107e-06
6.248410e-06
6.194796e-06
6.928394e-06
7.208285e-06
6.069364e-06
4.470318e-06
4.658433e-06
6.265238e-06
6.839415e-06
5.667808e-06
3.698686e-06
3.193558e-06
4.401396e-06
4.962153e-06
4.546097e-06
3.838677e-06
3.600999e-06
3.351292e-06
2.060013e-06
2.202413e-06
4.333403e-06
4.852678e-06
4.339033e-06
2.530136e-06
1.972392e-06
4.298734e-06
5.206316e-06
4.930183e-06
4.198319e-06
3.451638e-06
3.318010e-06
2.799407e-06
2.250250e-06
2.964501e-06
3.628136e-06
2.820399e-06
9.210946e-07
5.097100e-07
1.598029e-06
1.416240e-06
1.228716e-07
1.348873e-06
1.560529e-06
1.819422e-06
2.357999e-06
2.397701e-06
1.542631e-06
3.983981e-07
1.239582e-06
1.838852e-06
4.488620e-06
3.061032e-06
2.152130e-06
3.438128e-06
5.260021e-06
6.303824e-06
6.792752e-06
6.943413e-06
5.480689e-06
2.464239e-06
2.204203e-06
4.302578e-06
5.024261e-06
5.771024e-06
6.518148e-06
6.259726e-06
4.666508e-06
2.273044e-06
1.721615e-06
3.174550e-06
5.420383e-06
7.270628e-06
7.202329e-06
4.896457e-06
2.065570e-06
1.461064e-06
3.217143e-06
5.700158e-06
7.111002e-06
6.425197e-06
4.035242e-06
1.983576e-06
1.557465e-06
2.687076e-06
4.874508e-06
5.798873e-06
4.307588e-06
2.613369e-06
2.170244e-06
1.488624e-06
3.056709e-06
4.525304e-06
3.782629e-06
2.558071e-06
2.883325e-06
2.701626e-06
2.485858e-06
2.647393e-06
2.639769e-06
3.352707e-06
4.748243e-06
4.048784e-06
1.527688e-06
1.345387e-06
2.228550e-06
3.877490e-06
4.485746e-06
2.968076e-06
1.750208e-06
2.174970e-06
2.991628e-06
3.405209e-06
3.556196e-06
3.595470e-06
2.985015e-06
2.252133e-06
2.226274e-06
3.122796e-06
2.913658e-06
1.820898e-06
1.161402e-06
1.592939e-06
1.693698e-06
1.594686e-06
2.415152e-06
2.992783e-06
2.713746e-06
2.349143e-06
2.682116e-06
2.222786e-06
1.736124e-06
2.295710e-06
2.187840e-06
