7.129258e-06
6.074059e-06
4.677958e-06
3.496085e-06
3.164206e-06
4.699069e-06
6.932145e-06
8.270154e-06
7.710949e-06
6.053766e-06
4.562116e-06
3.579813e-06
3.996059e-06
5.243760e-06
6.408595e-06
6.982601e-06
6.975628e-06
6.243178e-06
4.691075e-06
4.156932e-06
5.638803e-06
6.720385e-06
6.399370e-06
5.688370e-06
4.920566e-06
4.817243e-06
5.620122e-06
6.238633e-06
6.158461e-06
6.063973e-06
5.895431e-06
5.553612e-06
5.196413e-06
4.608368e-06
4.828954e-06
5.907914e-06
6.486992e-06
5.797629e-06
4.376770e-06
3.716917e-06
4.898072e-06
5.603472e-06
4.957284e-06
3.651953e-06
3.524887e-06
4.272763e-06
4.372071e-06
3.846717e-06
3.359075e-06
3.486311e-06
3.602968e-06
2.521474e-06
1.655105e-06
3.275607e-06
4.036847e-06
3.887161e-06
2.796715e-06
2.246486e-06
3.700179e-06
4.187513e-06
3.794531e-06
3.455910e-06
3.459973e-06
3.427627e-06
2.531704e-06
1.576396e-06
2.233939e-06
3.259845e-06
2.765271e-06
1.136759e-06
8.491445e-08
1.134142e-06
1.041688e-06
4.683469e-07
1.379166e-06
1.632800e-06
1.705110e-06
1.887366e-06
2.048497e-06
1.480986e-06
6.661012e-07
1.308968e-06
1.583878e-06
3.651762e-06
2.466797e-06
1.787534e-06
3.123973e-06
4.623305e-06
5.316112e-06
5.746956e-06
6.050710e-06
4.912866e-06
2.280632e-06
1.445018e-06
3.160456e-06
3.936635e-06
4.861814e-06
5.660023e-06
5.445129e-06
4.026011e-06
1.879222e-06
1.288024e-06
2.561025e-06
4.700000e-06
6.470739e-06
6.520601e-06
4.562584e-06
2.093848e-06
1.190313e-06
2.704718e-06
4.956667e-06
6.195981e-06
5.616311e-06
3.526992e-06
1.823678e-06
1.529203e-06
2.510702e-06
4.520862e-06
5.344775e-06
4.057291e-06
2.792110e-06
2.509517e-06
1.858571e-06
2.925945e-06
4.060197e-06
3.424923e-06
2.587750e-06
2.920466e-06
2.736808e-06
2.516950e-06
2.482700e-06
2.449776e-06
3.338181e-06
4.513312e-06
3.603782e-06
1.275883e-06
1.152785e-06
2.060349e-06
3.573218e-06
3.949707e-06
2.534113e-06
1.502138e-06
1.928861e-06
2.692261e-06
2.994167e-06
3.060743e-06
3.103536e-06
2.715143e-06
2.079313e-06
2.081867e-06
2.786958e-06
2.514093e-06
1.641418e-06
1.049279e-06
1.299590e-06
1.389708e-06
1.403795e-06
2.214319e-06
2.820104e-06
2.577933e-06
2.045482e-06
2.225519e-06
1.869766e-06
1.473329e-06
2.054778e-06
1.982057e-06
