7.318017e-06
7.075036e-06
6.221569e-06
5.122868e-06
4.042900e-06
4.339052e-06
6.331664e-06
7.854609e-06
7.511568e-06
6.095316e-06
5.177392e-06
5.077115e-06
5.618121e-06
6.249325e-06
6.685438e-06
6.830727e-06
6.716380e-06
6.150406e-06
5.131016e-06
5.363512e-06
7.046228e-06
7.777325e-06
6.800097e-06
5.550143e-06
4.747817e-06
5.482384e-06
7.204446e-06
7.948756e-06
7.284701e-06
6.440322e-06
5.682987e-06
5.393434e-06
5.788493e-06
6.185140e-06
6.569163e-06
6.941693e-06
6.762465e-06
5.338021e-06
3.243299e-06
4.002032e-06
6.175422e-06
6.750256e-06
5.574063e-06
3.515620e-06
2.562343e-06
3.712821e-06
4.330748e-06
3.903063e-06
3.165588e-06
2.908715e-06
2.772806e-06
1.822713e-06
2.060463e-06
4.053692e-06
4.697025e-06
4.458459e-06
2.496820e-06
1.308151e-06
4.435638e-06
5.971524e-06
6.197673e-06
5.811188e-06
4.448491e-06
2.681782e-06
8.884640e-07
1.264834e-06
3.749817e-06
5.266774e-06
4.687395e-06
3.109487e-06
1.946459e-06
1.030705e-06
1.674343e-06
1.280057e-06
8.238300e-07
6.036357e-07
5.236138e-07
1.998264e-06
2.625189e-06
2.148869e-06
1.248305e-06
7.545718e-07
1.174839e-06
4.280012e-06
2.472826e-06
2.229874e-06
4.273791e-06
6.003585e-06
6.782423e-06
7.135636e-06
6.990651e-06
5.166981e-06
2.002082e-06
2.680310e-06
4.827881e-06
5.526180e-06
6.202394e-06
6.827938e-06
6.461833e-06
4.838878e-06
2.496555e-06
2.154521e-06
3.902666e-06
6.398712e-06
8.266735e-06
7.916914e-06
5.174794e-06
2.121694e-06
2.395795e-06
4.592872e-06
7.081391e-06
8.138313e-06
6.871500e-06
3.995724e-06
1.779891e-06
1.856346e-06
3.820894e-06
6.002972e-06
6.412815e-06
4.311224e-06
1.728968e-06
5.394418e-07
1.430206e-06
3.983401e-06
5.194171e-06
3.828967e-06
1.621686e-06
1.429200e-06
7.946805e-07
2.358897e-06
3.052872e-06
2.502574e-06
2.586299e-06
3.503752e-06
2.621087e-06
7.063979e-07
1.936569e-06
2.565304e-06
3.997196e-06
4.163830e-06
1.930129e-06
1.185324e-06
2.327376e-06
3.299952e-06
3.796565e-06
3.251145e-06
2.616744e-06
1.923708e-06
1.538688e-06
2.136939e-06
2.944219e-06
2.621682e-06
1.406641e-06
4.742033e-07
1.185170e-06
1.560112e-06
1.000146e-06
1.605101e-06
2.395563e-06
2.550739e-06
2.234591e-06
2.225879e-06
1.701887e-06
1.178798e-06
2.051518e-06
2.455377e-06
