5.107031e-06
5.360424e-06
5.566274e-06
5.797097e-06
6.148572e-06
6.538774e-06
6.952907e-06
6.629704e-06
4.888569e-06
2.422818e-06
8.499894e-07
3.996406e-06
6.952589e-06
9.053801e-06
1.000073e-05
9.490181e-06
8.204461e-06
6.247531e-06
3.057784e-06
2.347006e-06
6.231576e-06
8.645516e-06
8.844054e-06
8.154650e-06
6.480247e-06
4.136140e-06
2.586600e-06
3.874737e-06
5.793495e-06
7.232024e-06
8.118614e-06
8.256337e-06
7.824929e-06
5.763595e-06
3.340673e-06
3.660995e-06
4.972270e-06
5.462103e-06
5.283871e-06
4.774923e-06
4.364974e-06
3.752399e-06
2.140324e-06
1.291265e-06
3.781272e-06
6.361112e-06
6.939677e-06
6.311124e-06
5.054100e-06
3.631473e-06
2.044645e-06
6.079432e-07
2.233384e-06
4.199757e-06
4.513493e-06
4.150417e-06
2.340771e-06
1.066907e-06
4.244774e-06
5.924490e-06
6.168485e-06
6.008562e-06
5.308011e-06
4.117169e-06
2.642234e-06
1.017553e-06
1.434020e-06
3.464732e-06
3.651805e-06
2.049557e-06
7.820045e-07
5.975081e-07
1.312295e-06
1.693905e-06
1.920932e-06
1.891456e-06
1.391875e-06
6.402557e-07
1.338232e-06
1.125658e-06
8.390405e-07
1.491556e-06
1.458721e-06
2.771415e-06
1.015646e-06
2.699257e-06
5.108202e-06
6.606194e-06
6.901087e-06
6.671701e-06
6.015935e-06
3.815091e-06
3.491501e-07
3.505862e-06
5.648712e-06
5.784123e-06
5.979037e-06
6.569698e-06
6.074479e-06
4.001613e-06
8.822075e-07
1.579795e-06
3.316687e-06
5.530210e-06
7.223970e-06
6.906830e-06
4.328607e-06
1.149126e-06
9.032636e-07
2.402149e-06
4.789073e-06
6.269977e-06
5.705925e-06
3.429307e-06
1.604943e-06
9.489207e-07
1.560354e-06
3.900500e-06
5.018795e-06
3.923447e-06
2.685921e-06
2.566992e-06
2.117311e-06
2.620358e-06
3.548843e-06
2.965918e-06
2.284208e-06
2.909217e-06
2.963933e-06
2.195688e-06
1.189113e-06
1.268651e-06
2.366280e-06
3.993619e-06
3.919165e-06
2.432331e-06
1.817149e-06
2.137915e-06
3.116639e-06
3.507831e-06
2.755625e-06
2.163080e-06
2.540470e-06
3.133877e-06
2.904020e-06
3.130404e-06
3.690461e-06
3.153848e-06
2.168719e-06
1.940861e-06
2.614564e-06
2.446029e-06
1.596075e-06
1.426760e-06
2.154977e-06
2.170249e-06
1.451386e-06
1.828201e-06
2.420838e-06
2.529146e-06
2.359019e-06
1.982681e-06
9.936787e-07
1.033654e-06
2.371051e-06
2.383539e-06
