7.369480e-06
6.425425e-06
5.049623e-06
3.787368e-06
3.180529e-06
4.445264e-06
6.596017e-06
7.914170e-06
7.362093e-06
5.728007e-06
4.334380e-06
3.695546e-06
4.388994e-06
5.638357e-06
6.667987e-06
7.033463e-06
6.801515e-06
5.891420e-06
4.188918e-06
3.771850e-06
5.692345e-06
7.023604e-06
6.756664e-06
6.069340e-06
5.171781e-06
4.766487e-06
5.428405e-06
6.033648e-06
6.046350e-06
6.146155e-06
6.179011e-06
5.951626e-06
5.643449e-06
4.897174e-06
4.846685e-06
5.772821e-06
6.301091e-06
5.580336e-06
4.120369e-06
3.633870e-06
4.894408e-06
5.597301e-06
4.908380e-06
3.583933e-06
3.318828e-06
3.920486e-06
4.023251e-06
3.628744e-06
3.249759e-06
3.492051e-06
3.642437e-06
2.572566e-06
1.718483e-06
3.309351e-06
4.013297e-06
3.890933e-06
2.786612e-06
2.235951e-06
3.690100e-06
4.215719e-06
3.949682e-06
3.589911e-06
3.482664e-06
3.409813e-06
2.618162e-06
1.743639e-06
2.386039e-06
3.365833e-06
2.849288e-06
1.262617e-06
2.749707e-08
1.145911e-06
1.094724e-06
5.840689e-07
1.375257e-06
1.511602e-06
1.503122e-06
1.842693e-06
2.105449e-06
1.540415e-06
7.289975e-07
1.157971e-06
1.429768e-06
3.817167e-06
2.608854e-06
1.919858e-06
3.151441e-06
4.633355e-06
5.371332e-06
5.827382e-06
6.001152e-06
4.722156e-06
2.076967e-06
1.851592e-06
3.651776e-06
4.302468e-06
5.001120e-06
5.697739e-06
5.499030e-06
4.108818e-06
1.987252e-06
1.455816e-06
2.713195e-06
4.748372e-06
6.393198e-06
6.319864e-06
4.299706e-06
1.808828e-06
1.240995e-06
2.817227e-06
4.982233e-06
6.208921e-06
5.635462e-06
3.532749e-06
1.748891e-06
1.391744e-06
2.351234e-06
4.291669e-06
5.101328e-06
3.753524e-06
2.280465e-06
1.964783e-06
1.383478e-06
2.724438e-06
3.984358e-06
3.316210e-06
2.286056e-06
2.595540e-06
2.403052e-06
2.243323e-06
2.365872e-06
2.338787e-06
2.999772e-06
4.181774e-06
3.481813e-06
1.240062e-06
1.219751e-06
1.958930e-06
3.373621e-06
3.835257e-06
2.463208e-06
1.427943e-06
1.818543e-06
2.559942e-06
2.932811e-06
3.024981e-06
3.026187e-06
2.515368e-06
1.900511e-06
1.880170e-06
2.661827e-06
2.440685e-06
1.490415e-06
9.450848e-07
1.344654e-06
1.421244e-06
1.343809e-06
2.053517e-06
2.562644e-06
2.359590e-06
2.019511e-06
2.284024e-06
1.897321e-06
1.458417e-06
1.960891e-06
1.889659e-06
