7.597189e-06
6.258976e-06
4.580209e-06
2.995787e-06
2.537079e-06
4.892270e-06
7.797754e-06
9.589182e-06
9.209796e-06
7.572608e-06
5.986144e-06
4.561833e-06
4.112780e-06
4.815996e-06
5.933302e-06
6.695650e-06
6.843866e-06
6.282951e-06
5.090238e-06
5.255145e-06
7.090262e-06
8.035971e-06
7.378427e-06
6.292484e-06
4.771671e-06
4.172566e-06
5.550147e-06
7.039230e-06
7.619636e-06
8.064320e-06
8.221505e-06
7.732468e-06
6.680917e-06
4.596199e-06
3.701055e-06
5.269741e-06
6.487058e-06
6.291920e-06
5.388477e-06
5.046298e-06
5.735913e-06
5.995774e-06
4.724512e-06
2.880061e-06
2.962473e-06
4.787516e-06
5.473031e-06
5.222709e-06
4.735747e-06
4.689415e-06
4.221647e-06
2.331520e-06
1.415667e-06
4.111899e-06
5.070906e-06
4.920205e-06
3.592662e-06
1.773144e-06
2.595921e-06
3.238093e-06
3.147039e-06
3.452151e-06
4.241319e-06
4.485968e-06
3.532755e-06
2.108666e-06
1.545879e-06
2.580224e-06
2.228488e-06
7.075236e-07
1.380827e-06
2.767610e-06
2.496101e-06
7.410610e-07
9.427782e-07
1.504811e-06
2.306465e-06
3.378100e-06
3.655897e-06
2.988597e-06
1.823451e-06
2.355237e-07
9.115531e-07
4.174391e-06
2.902434e-06
2.320560e-06
3.722521e-06
5.408574e-06
6.252080e-06
6.733881e-06
6.945137e-06
5.637424e-06
2.704509e-06
1.569124e-06
3.578855e-06
4.498901e-06
5.561806e-06
6.550881e-06
6.335979e-06
4.697222e-06
2.248418e-06
1.701799e-06
3.227985e-06
5.589377e-06
7.587522e-06
7.618826e-06
5.352808e-06
2.508330e-06
1.871999e-06
3.529456e-06
5.759497e-06
6.970369e-06
6.115133e-06
3.497629e-06
1.870495e-06
1.828280e-06
2.419547e-06
4.619775e-06
5.663185e-06
4.314077e-06
2.740275e-06
2.391806e-06
1.943158e-06
3.581375e-06
4.917514e-06
4.051568e-06
2.935299e-06
3.448918e-06
3.224066e-06
2.767661e-06
2.695051e-06
2.678227e-06
3.424431e-06
4.633680e-06
3.789427e-06
1.231529e-06
1.322618e-06
2.103610e-06
3.847005e-06
4.540896e-06
3.032919e-06
1.752969e-06
2.302314e-06
3.216853e-06
3.457817e-06
3.400454e-06
3.230301e-06
2.595341e-06
2.084754e-06
2.305610e-06
3.330197e-06
3.165145e-06
2.213999e-06
1.593854e-06
1.737926e-06
1.612131e-06
1.435706e-06
2.390110e-06
2.965815e-06
2.701783e-06
2.448473e-06
2.841010e-06
2.452329e-06
2.048697e-06
2.529962e-06
2.441682e-06
