8.269673e-06
7.200929e-06
5.652251e-06
4.188813e-06
3.567898e-06
5.094004e-06
7.441088e-06
8.811752e-06
8.140329e-06
6.320311e-06
4.762299e-06
4.068981e-06
4.920345e-06
6.394096e-06
7.596656e-06
8.007828e-06
7.710777e-06
6.605807e-06
4.671889e-06
4.282728e-06
6.553837e-06
8.124157e-06
7.800902e-06
6.935533e-06
5.929299e-06
5.528240e-06
6.324933e-06
7.033610e-06
7.049963e-06
7.117556e-06
7.115612e-06
6.830728e-06
6.469611e-06
5.610487e-06
5.547361e-06
6.621698e-06
7.223487e-06
6.360619e-06
4.692265e-06
4.121381e-06
5.577817e-06
6.429304e-06
5.641702e-06
4.064457e-06
3.721656e-06
4.422443e-06
4.555481e-06
4.062432e-06
3.608657e-06
3.889988e-06
4.082846e-06
2.865520e-06
2.008483e-06
3.874549e-06
4.511378e-06
4.314624e-06
3.102094e-06
2.540558e-06
4.162775e-06
4.735675e-06
4.521429e-06
4.106438e-06
3.941725e-06
3.897151e-06
3.106282e-06
2.088334e-06
2.764181e-06
3.900780e-06
3.422144e-06
1.615123e-06
1.684197e-07
1.389192e-06
1.338831e-06
5.816144e-07
1.444076e-06
1.665007e-06
1.696813e-06
2.060020e-06
2.349198e-06
1.759399e-06
8.605241e-07
1.320216e-06
1.617396e-06
3.711428e-06
2.385419e-06
1.453950e-06
3.078551e-06
4.756808e-06
5.528486e-06
6.183381e-06
6.590683e-06
5.302417e-06
2.373920e-06
1.616298e-06
3.807146e-06
4.788445e-06
5.676931e-06
6.501658e-06
6.317561e-06
4.778866e-06
2.397648e-06
1.934920e-06
3.239971e-06
5.451157e-06
7.292817e-06
7.124451e-06
4.721719e-06
1.870231e-06
1.517336e-06
3.288402e-06
5.592064e-06
6.811487e-06
6.097475e-06
3.707877e-06
1.616362e-06
1.216292e-06
2.527468e-06
4.785986e-06
5.653885e-06
3.968718e-06
2.155621e-06
1.992602e-06
1.318389e-06
3.043996e-06
4.543336e-06
3.773957e-06
2.570935e-06
2.926434e-06
2.752944e-06
2.756966e-06
3.077732e-06
3.122690e-06
3.533752e-06
4.413339e-06
3.330351e-06
8.019651e-07
1.499885e-06
1.869354e-06
3.343529e-06
3.964640e-06
2.489602e-06
1.334648e-06
1.992894e-06
3.066232e-06
3.545511e-06
3.672792e-06
3.659924e-06
3.037090e-06
2.256005e-06
2.270466e-06
3.126153e-06
2.879337e-06
1.802880e-06
1.167232e-06
1.632178e-06
1.751295e-06
1.611881e-06
2.426315e-06
3.043491e-06
2.810046e-06
2.378260e-06
2.661856e-06
2.194486e-06
1.684436e-06
2.227946e-06
2.148670e-06
