7.636563e-06
6.413735e-06
4.698960e-06
3.076178e-06
2.082892e-06
3.626085e-06
6.185582e-06
7.868504e-06
7.406192e-06
5.574151e-06
4.039044e-06
3.541683e-06
4.675129e-06
6.370419e-06
7.758373e-06
8.379858e-06
8.145294e-06
6.949392e-06
5.027593e-06
4.649592e-06
6.648992e-06
8.041586e-06
7.760001e-06
7.095489e-06
6.092412e-06
5.391129e-06
5.806858e-06
6.314221e-06
6.183045e-06
6.266235e-06
6.320169e-06
5.921263e-06
5.349631e-06
4.350183e-06
4.488842e-06
5.855062e-06
6.777251e-06
6.354025e-06
5.093292e-06
4.804748e-06
6.343074e-06
7.319802e-06
6.693603e-06
5.253914e-06
4.658762e-06
4.785089e-06
4.525193e-06
3.860788e-06
3.367874e-06
3.678603e-06
3.815846e-06
2.457808e-06
1.524592e-06
3.631589e-06
4.423560e-06
4.234666e-06
3.287801e-06
3.191756e-06
5.089310e-06
5.872386e-06
5.455053e-06
4.804176e-06
4.349176e-06
4.049899e-06
3.202415e-06
2.103396e-06
2.318656e-06
3.511531e-06
3.378877e-06
1.646201e-06
2.250289e-07
1.398613e-06
1.477411e-06
1.420247e-06
2.280305e-06
2.292258e-06
2.137920e-06
2.325008e-06
2.543931e-06
1.960121e-06
9.407840e-07
9.873961e-07
1.332925e-06
2.778625e-06
1.052586e-06
1.982475e-06
5.203357e-06
7.392832e-06
7.709424e-06
7.026773e-06
6.565233e-06
5.565022e-06
3.969489e-06
4.406093e-06
5.779956e-06
6.449573e-06
7.448528e-06
8.110122e-06
7.517002e-06
5.536722e-06
2.773322e-06
1.137301e-06
1.566073e-06
4.060435e-06
6.438023e-06
7.047512e-06
5.765544e-06
3.910668e-06
3.379248e-06
4.713143e-06
6.707110e-06
7.397832e-06
6.254413e-06
4.224903e-06
3.824721e-06
3.449662e-06
1.769204e-06
3.393121e-06
5.547381e-06
5.076986e-06
3.394751e-06
2.737532e-06
3.490888e-06
4.686725e-06
5.003680e-06
3.813094e-06
3.231764e-06
3.322646e-06
1.613099e-06
1.319561e-06
3.747771e-06
4.268394e-06
4.299112e-06
5.579383e-06
5.589955e-06
4.070558e-06
3.008316e-06
3.335215e-06
4.704149e-06
4.413423e-06
1.912740e-06
8.511761e-07
1.516106e-06
2.462940e-06
3.733049e-06
4.429193e-06
4.439195e-06
3.930151e-06
3.137276e-06
1.997804e-06
1.847395e-06
1.347108e-06
2.407925e-07
8.777143e-07
2.068944e-06
2.606062e-06
2.379996e-06
2.652092e-06
2.970202e-06
2.243324e-06
1.409824e-06
2.036140e-06
1.914293e-06
1.911196e-06
2.748177e-06
2.723974e-06
